tweet_id,favorites,retweets,user_followers,user_favourites,date_time
892420643555336193,33792,6998,9300854,146892,2017-08-01 16:23:56+00:00
892177421306343426,29312,5297,9300854,146892,2017-08-01 00:17:27+00:00
891815181378084864,22041,3477,9300854,146892,2017-07-31 00:18:03+00:00
891689557279858688,36915,7219,9300854,146892,2017-07-30 15:58:51+00:00
891327558926688256,35294,7752,9300854,146892,2017-07-29 16:00:24+00:00
890971913173991426,10359,1659,9300855,146892,2017-07-28 16:27:12+00:00
890729181411237888,56826,15745,9300856,146892,2017-07-28 00:22:40+00:00
890609185150312448,24500,3615,9300856,146892,2017-07-27 16:25:51+00:00
890240255349198849,27943,6092,9300856,146892,2017-07-26 15:59:51+00:00
890006608113172480,27023,6145,9300856,146892,2017-07-26 00:31:25+00:00
889880896479866881,24548,4160,9300857,146892,2017-07-25 16:11:53+00:00
889665388333682689,42020,8340,9300857,146892,2017-07-25 01:55:32+00:00
889638837579907072,23656,3709,9300857,146892,2017-07-25 00:10:02+00:00
889531135344209921,13347,1878,9300857,146892,2017-07-24 17:02:04+00:00
888917238123831296,25618,3758,9300857,146892,2017-07-23 00:22:39+00:00
888804989199671297,22453,3531,9300857,146892,2017-07-22 16:56:37+00:00
888554962724278272,17312,2876,9300857,146892,2017-07-22 00:23:06+00:00
888078434458587136,19142,2892,9300857,146892,2017-07-20 16:49:33+00:00
887705289381826560,26599,4531,9300857,146892,2017-07-19 16:06:48+00:00
887473957103951883,60156,15007,9300857,146892,2017-07-19 00:47:34+00:00
887101392804085760,26965,4986,9300859,146892,2017-07-18 00:07:08+00:00
886736880519319552,10493,2626,9300858,146892,2017-07-16 23:58:41+00:00
886680336477933568,19717,3732,9300858,146892,2017-07-16 20:14:00+00:00
886366144734445568,18537,2628,9300858,146892,2017-07-15 23:25:31+00:00
886267009285017600,105,4,9300858,146892,2017-07-15 16:51:35+00:00
886258384151887873,24495,5281,9301308,146896,2017-07-15 16:17:19+00:00
885984800019947520,28589,5607,9300858,146892,2017-07-14 22:10:11+00:00
885518971528720385,17990,3105,9300857,146892,2017-07-13 15:19:09+00:00
885311592912609280,0,15418,9300857,146892,2017-07-13 01:35:06+00:00
885167619883638784,19240,3666,9300857,146892,2017-07-12 16:03:00+00:00
884925521741709313,67252,15009,9300857,146892,2017-07-12 00:01:00+00:00
884876753390489601,24377,4670,9300857,146892,2017-07-11 20:47:12+00:00
884562892145688576,21303,3907,9300858,146892,2017-07-11 00:00:02+00:00
884441805382717440,23857,4787,9300858,146892,2017-07-10 15:58:53+00:00
884247878851493888,63249,16901,9300858,146892,2017-07-10 03:08:17+00:00
883482846933004288,40178,8260,9300858,146892,2017-07-08 00:28:19+00:00
883360690899218434,19936,3074,9300858,146892,2017-07-07 16:22:55+00:00
883117836046086144,32501,5530,9300858,146892,2017-07-07 00:17:54+00:00
882762694511734784,24775,4090,9300859,146892,2017-07-06 00:46:41+00:00
882627270321602560,24592,5061,9300859,146892,2017-07-05 15:48:34+00:00
882268110199369728,39172,9618,9300858,146892,2017-07-04 16:01:23+00:00
882045870035918850,25712,4079,9300858,146892,2017-07-04 01:18:17+00:00
881906580714921986,21436,2852,9300858,146892,2017-07-03 16:04:48+00:00
881666595344535552,44523,8949,9300858,146892,2017-07-03 00:11:11+00:00
881633300179243008,113,8,9300858,146892,2017-07-02 21:58:53+00:00
881536004380872706,43423,13389,9300858,146892,2017-07-02 15:32:16+00:00
881268444196462592,20472,4489,9300858,146892,2017-07-01 21:49:04+00:00
880935762899988482,15046,2332,9300861,146892,2017-06-30 23:47:07+00:00
880872448815771648,18708,3200,9300862,146892,2017-06-30 19:35:32+00:00
880465832366813184,25016,5209,9300862,146892,2017-06-29 16:39:47+00:00
880221127280381952,23655,3461,9300862,146892,2017-06-29 00:27:25+00:00
880095782870896641,24316,3650,9300862,146892,2017-06-28 16:09:20+00:00
879862464715927552,19691,2926,9300862,146892,2017-06-28 00:42:13+00:00
879674319642796034,282,9,9300862,146892,2017-06-27 12:14:36+00:00
879492040517615616,20698,2628,9300864,146892,2017-06-27 00:10:17+00:00
879415818425184262,92797,37417,9300864,146892,2017-06-26 19:07:24+00:00
879376492567855104,14849,2645,9300863,146892,2017-06-26 16:31:08+00:00
879130579576475649,0,5736,9300865,146892,2017-06-26 00:13:58+00:00
879050749262655488,19797,3953,9300865,146892,2017-06-25 18:56:45+00:00
879008229531029506,16773,2240,9300866,146892,2017-06-25 16:07:47+00:00
878776093423087618,17124,3430,9300866,146892,2017-06-25 00:45:22+00:00
878604707211726852,26426,5921,9300866,146892,2017-06-24 13:24:20+00:00
878404777348136964,0,1076,9300867,146892,2017-06-24 00:09:53+00:00
878316110768087041,0,5521,9300868,146892,2017-06-23 18:17:33+00:00
878281511006478336,6771,1076,9300868,146892,2017-06-23 16:00:04+00:00
878057613040115712,37129,5736,9300868,146892,2017-06-23 01:10:23+00:00
877736472329191424,69243,15799,9300868,146892,2017-06-22 03:54:17+00:00
877611172832227328,0,70,9300868,146892,2017-06-21 19:36:23+00:00
877556246731214848,19897,3167,9300870,146892,2017-06-21 15:58:08+00:00
877316821321428993,24134,4343,9300870,146892,2017-06-21 00:06:44+00:00
877201837425926144,23849,4623,9300871,146892,2017-06-20 16:29:50+00:00
876838120628539392,18210,2802,9300871,146892,2017-06-19 16:24:33+00:00
876537666061221889,21044,3970,9300872,146892,2017-06-18 20:30:39+00:00
876484053909872640,16556,1999,9300872,146892,2017-06-18 16:57:37+00:00
876120275196170240,24680,3897,9300872,146892,2017-06-17 16:52:05+00:00
875747767867523072,22099,3579,9300872,146892,2017-06-16 16:11:53+00:00
875144289856114688,19414,4149,9300872,146892,2017-06-15 00:13:52+00:00
875021211251597312,22530,3968,9300873,146892,2017-06-14 16:04:48+00:00
874680097055178752,24598,3917,9300873,146892,2017-06-13 17:29:20+00:00
874434818259525634,0,12199,9300873,146892,2017-06-13 01:14:41+00:00
874296783580663808,22956,3481,9300873,146892,2017-06-12 16:06:11+00:00
874057562936811520,20102,3376,9300873,146892,2017-06-12 00:15:36+00:00
874012996292530176,30108,8584,9300872,146892,2017-06-11 21:18:31+00:00
873580283840344065,21370,3341,9300872,146892,2017-06-10 16:39:04+00:00
873337748698140672,0,1330,9300872,146892,2017-06-10 00:35:19+00:00
873213775632977920,6317,1330,9300872,146892,2017-06-09 16:22:42+00:00
872967104147763200,24053,4559,9300872,146892,2017-06-09 00:02:31+00:00
872820683541237760,13066,3165,9300872,146892,2017-06-08 14:20:41+00:00
872620804844003328,18316,3064,9300872,146892,2017-06-08 01:06:27+00:00
872486979161796608,36080,7712,9300872,146892,2017-06-07 16:14:40+00:00
872122724285648897,30209,6819,9300872,146892,2017-06-06 16:07:15+00:00
871879754684805121,33078,9240,9300872,146892,2017-06-06 00:01:46+00:00
871762521631449091,17881,2969,9300873,146892,2017-06-05 16:15:56+00:00
871515927908634625,17883,2939,9300873,146892,2017-06-04 23:56:03+00:00
871166179821445120,0,4890,9300873,146892,2017-06-04 00:46:17+00:00
871102520638267392,18535,4671,9300873,146892,2017-06-03 20:33:19+00:00
871032628920680449,20141,3219,9300873,146892,2017-06-03 15:55:36+00:00
870804317367881728,29789,5280,9300873,146892,2017-06-03 00:48:22+00:00
870726314365509632,105,3,9300873,146892,2017-06-02 19:38:25+00:00
870656317836468226,10890,2202,9300873,146892,2017-06-02 15:00:16+00:00
870374049280663552,73917,22731,9300873,146892,2017-06-01 20:18:38+00:00
870308999962521604,19479,3547,9300875,146892,2017-06-01 16:00:09+00:00
870063196459192321,32399,7069,9300875,146892,2017-05-31 23:43:25+00:00
869772420881756160,37995,8690,9300877,146892,2017-05-31 04:27:59+00:00
869702957897576449,25041,5383,9300877,146892,2017-05-30 23:51:58+00:00
869596645499047938,14192,2636,9300877,146892,2017-05-30 16:49:31+00:00
869227993411051520,18119,3198,9301293,146892,2017-05-29 16:24:37+00:00
868880397819494401,57931,12250,9300876,146892,2017-05-28 17:23:24+00:00
868639477480148993,0,1751,9300875,146892,2017-05-28 01:26:04+00:00
868622495443632128,23623,4464,9300875,146892,2017-05-28 00:18:35+00:00
868552278524837888,8961,1751,9300875,146892,2017-05-27 19:39:34+00:00
867900495410671616,21588,3569,9300875,146892,2017-05-26 00:29:37+00:00
867774946302451713,30261,6249,9300875,146892,2017-05-25 16:10:44+00:00
867421006826221569,14343,2113,9300875,146892,2017-05-24 16:44:18+00:00
867072653475098625,0,101,9300875,146892,2017-05-23 17:40:04+00:00
867051520902168576,28697,6777,9300875,146892,2017-05-23 16:16:06+00:00
866720684873056260,17866,4131,9300875,146892,2017-05-22 18:21:28+00:00
866686824827068416,17124,2967,9300875,146892,2017-05-22 16:06:55+00:00
866450705531457537,108845,30181,9300875,146892,2017-05-22 00:28:40+00:00
866334964761202691,46591,12199,9300877,146892,2017-05-21 16:48:45+00:00
866094527597207552,0,7161,9300877,146892,2017-05-21 00:53:21+00:00
865718153858494464,22922,4842,9300877,146892,2017-05-19 23:57:46+00:00
865359393868664832,23591,4286,9300877,146892,2017-05-19 00:12:11+00:00
865006731092295680,25034,6667,9300877,146892,2017-05-18 00:50:50+00:00
864873206498414592,28850,7498,9300878,146892,2017-05-17 16:00:15+00:00
864279568663928832,13071,2581,9300877,146892,2017-05-16 00:41:21+00:00
864197398364647424,26626,7582,9300877,146892,2017-05-15 19:14:50+00:00
863907417377173506,18418,3586,9301329,146896,2017-05-15 00:02:33+00:00
863553081350529029,13674,3630,9300879,146892,2017-05-14 00:34:33+00:00
863471782782697472,0,2089,9300879,146892,2017-05-13 19:11:30+00:00
863432100342583297,21299,4552,9300879,146892,2017-05-13 16:33:49+00:00
863427515083354112,1959,80,9300879,146892,2017-05-13 16:15:35+00:00
863079547188785154,7897,953,9300879,146892,2017-05-12 17:12:53+00:00
863062471531167744,7525,2089,9300879,146892,2017-05-12 16:05:02+00:00
862831371563274240,17215,4454,9300879,146892,2017-05-12 00:46:44+00:00
862722525377298433,15333,3089,9300879,146892,2017-05-11 17:34:13+00:00
862457590147678208,18266,4248,9300879,146892,2017-05-11 00:01:27+00:00
862096992088072192,66266,19991,9300879,146892,2017-05-10 00:08:34+00:00
861383897657036800,32288,9264,9300880,146892,2017-05-08 00:54:59+00:00
861288531465048066,15349,3589,9300880,146892,2017-05-07 18:36:02+00:00
860981674716409858,0,1856,9300881,146892,2017-05-06 22:16:42+00:00
860924035999428608,0,678,9300881,146892,2017-05-06 18:27:40+00:00
860563773140209665,6721,1856,9300881,146892,2017-05-05 18:36:06+00:00
860524505164394496,21255,4603,9300881,146892,2017-05-05 16:00:04+00:00
860276583193509888,16581,3068,9300881,146892,2017-05-04 23:34:55+00:00
860184849394610176,15012,5122,9300881,146892,2017-05-04 17:30:24+00:00
860177593139703809,0,26736,9300881,146892,2017-05-04 17:01:34+00:00
859924526012018688,17636,3583,9300881,146892,2017-05-04 00:15:58+00:00
859851578198683649,13972,3067,9300881,146892,2017-05-03 19:26:06+00:00
859607811541651456,16830,1365,9300881,146892,2017-05-03 03:17:27+00:00
859196978902773760,80531,26266,9300881,146892,2017-05-02 00:04:57+00:00
859074603037188101,30428,11968,9300881,146892,2017-05-01 15:58:40+00:00
858860390427611136,0,7082,9300881,146892,2017-05-01 01:47:28+00:00
858843525470990336,14118,3028,9300882,146892,2017-05-01 00:40:27+00:00
858471635011153920,19484,4258,9300882,146892,2017-04-30 00:02:42+00:00
858107933456039936,14236,2539,9300882,146892,2017-04-28 23:57:28+00:00
857989990357356544,14491,2267,9300882,146892,2017-04-28 16:08:49+00:00
857746408056729600,30813,9345,9300882,146892,2017-04-28 00:00:54+00:00
857393404942143489,5307,1443,9300882,146892,2017-04-27 00:38:11+00:00
857263160327368704,18246,3975,9300882,146892,2017-04-26 16:00:39+00:00
857214891891077121,203,16,9300882,146892,2017-04-26 12:48:51+00:00
857062103051644929,0,148,9300882,146892,2017-04-26 02:41:43+00:00
857029823797047296,17045,3492,9300883,146892,2017-04-26 00:33:27+00:00
856543823941562368,14839,2547,9300883,146892,2017-04-24 16:22:16+00:00
856526610513747968,10825,1654,9300883,146892,2017-04-24 15:13:52+00:00
856288084350160898,487,15,9300882,146892,2017-04-23 23:26:03+00:00
856282028240666624,25229,5581,9300882,146892,2017-04-23 23:01:59+00:00
855862651834028034,303,21,9300882,146892,2017-04-22 19:15:32+00:00
855860136149123072,4405,853,9300882,146892,2017-04-22 19:05:32+00:00
855857698524602368,10855,1862,9300882,146892,2017-04-22 18:55:51+00:00
855851453814013952,41895,16127,9300882,146892,2017-04-22 18:31:02+00:00
855818117272018944,24281,4816,9300882,146892,2017-04-22 16:18:34+00:00
855459453768019968,27104,7302,9300882,146892,2017-04-21 16:33:22+00:00
855245323840757760,0,5266,9300882,146892,2017-04-21 02:22:29+00:00
855138241867124737,0,36,9300883,146892,2017-04-20 19:16:59+00:00
854732716440526848,20691,5349,9300883,146892,2017-04-19 16:25:34+00:00
854482394044301312,26584,6024,9300883,146892,2017-04-18 23:50:52+00:00
854365224396361728,17199,4151,9300883,146892,2017-04-18 16:05:17+00:00
854120357044912130,29234,6597,9300883,146892,2017-04-17 23:52:16+00:00
854010172552949760,14838,2791,9300883,146892,2017-04-17 16:34:26+00:00
853760880890318849,26095,5116,9300883,146892,2017-04-17 00:03:50+00:00
853639147608842240,31557,8883,9300883,146892,2017-04-16 16:00:07+00:00
853299958564483072,14174,3170,9300883,146892,2017-04-15 17:32:18+00:00
852936405516943360,0,1789,9300883,146892,2017-04-14 17:27:40+00:00
852912242202992640,8257,1600,9300883,146892,2017-04-14 15:51:39+00:00
852672615818899456,13646,1913,9300883,146892,2017-04-13 23:59:28+00:00
852553447878664193,14909,3119,9300883,146892,2017-04-13 16:05:56+00:00
852311364735569921,30372,8883,9300884,146892,2017-04-13 00:03:59+00:00
852226086759018497,18362,6098,9300884,146892,2017-04-12 18:25:07+00:00
852189679701164033,10573,1419,9300884,146892,2017-04-12 16:00:27+00:00
851591660324737024,14966,3125,9300884,146892,2017-04-11 00:24:08+00:00
851464819735769094,22271,6313,9300884,146892,2017-04-10 16:00:07+00:00
851224888060895234,19057,5171,9300884,146892,2017-04-10 00:06:42+00:00
850753642995093505,28163,8086,9300884,146892,2017-04-08 16:54:09+00:00
850380195714523136,12083,2333,9300884,146892,2017-04-07 16:10:12+00:00
850333567704068097,3193,301,9300884,146892,2017-04-07 13:04:55+00:00
850145622816686080,15057,3397,9300884,146892,2017-04-07 00:38:06+00:00
850019790995546112,18791,4374,9300884,146892,2017-04-06 16:18:05+00:00
849776966551130114,27920,6822,9300884,146892,2017-04-06 00:13:11+00:00
849668094696017920,0,4447,9300884,146892,2017-04-05 17:00:34+00:00
849412302885593088,14680,2833,9300884,146892,2017-04-05 00:04:08+00:00
849336543269576704,10558,1694,9300885,146892,2017-04-04 19:03:06+00:00
849051919805034497,39032,7627,9300885,146892,2017-04-04 00:12:06+00:00
848690551926992896,23283,3925,9300885,146892,2017-04-03 00:16:10+00:00
848324959059550208,22846,4155,9300885,146892,2017-04-02 00:03:26+00:00
848213670039564288,7544,646,9300885,146892,2017-04-01 16:41:12+00:00
848212111729840128,15041,2721,9300885,146892,2017-04-01 16:35:01+00:00
847978865427394560,0,2923,9300885,146892,2017-04-01 01:08:10+00:00
847971574464610304,0,396,9301301,146892,2017-04-01 00:39:12+00:00
847962785489326080,21749,4579,9300885,146892,2017-04-01 00:04:17+00:00
847842811428974592,5017,1192,9300885,146892,2017-03-31 16:07:33+00:00
847617282490613760,6472,376,9300885,146892,2017-03-31 01:11:22+00:00
847606175596138505,17364,3092,9300885,146892,2017-03-31 00:27:14+00:00
847251039262605312,18982,3923,9300885,146892,2017-03-30 00:56:03+00:00
847157206088847362,18387,5256,9300885,146892,2017-03-29 18:43:12+00:00
847116187444137987,19886,2876,9300885,146892,2017-03-29 16:00:12+00:00
846874817362120707,18639,3552,9300885,146892,2017-03-29 00:01:05+00:00
846514051647705089,41218,10388,9300885,146892,2017-03-28 00:07:32+00:00
846505985330044928,13085,2764,9300885,146892,2017-03-27 23:35:28+00:00
846153765933735936,29117,8180,9300885,146892,2017-03-27 00:15:53+00:00
846139713627017216,28838,9171,9300885,146892,2017-03-26 23:20:02+00:00
846042936437604353,14823,2591,9300885,146892,2017-03-26 16:55:29+00:00
845812042753855489,27050,7868,9300885,146892,2017-03-26 01:38:00+00:00
845677943972139009,23455,4384,9300886,146892,2017-03-25 16:45:08+00:00
845397057150107648,7093,1622,9300886,146892,2017-03-24 22:08:59+00:00
845306882940190720,21632,4866,9300886,146892,2017-03-24 16:10:40+00:00
845098359547420673,0,6946,9300886,146892,2017-03-24 02:22:04+00:00
844979544864018432,12684,2315,9300886,146892,2017-03-23 18:29:57+00:00
844973813909606400,13941,2858,9300886,146892,2017-03-23 18:07:10+00:00
844580511645339650,15302,2817,9300886,146892,2017-03-22 16:04:20+00:00
844223788422217728,12709,1994,9300886,146892,2017-03-21 16:26:50+00:00
843981021012017153,14131,2700,9300886,146892,2017-03-21 00:22:10+00:00
843856843873095681,19979,4171,9300886,146892,2017-03-20 16:08:44+00:00
843604394117681152,15722,2481,9300886,146892,2017-03-19 23:25:35+00:00
843235543001513987,19986,5417,9300886,146892,2017-03-18 22:59:54+00:00
842846295480000512,14227,3317,9300887,146892,2017-03-17 21:13:10+00:00
842765311967449089,6302,1176,9300887,146892,2017-03-17 15:51:22+00:00
842535590457499648,16933,3185,9300887,146892,2017-03-17 00:38:32+00:00
842163532590374912,22752,5266,9300887,146892,2017-03-16 00:00:07+00:00
842115215311396866,13047,2761,9300887,146892,2017-03-15 20:48:07+00:00
841833993020538882,0,13586,9300887,146892,2017-03-15 02:10:39+00:00
841680585030541313,24057,7163,9300887,146892,2017-03-14 16:01:03+00:00
841439858740625411,11748,3331,9300887,146892,2017-03-14 00:04:30+00:00
841320156043304961,18435,5024,9300888,146892,2017-03-13 16:08:50+00:00
841314665196081154,14767,4243,9300888,146892,2017-03-13 15:47:01+00:00
841077006473256960,21348,4890,9300888,146892,2017-03-13 00:02:39+00:00
840761248237133825,0,1622,9300888,146892,2017-03-12 03:07:56+00:00
840728873075638272,0,14600,9300888,146892,2017-03-12 00:59:17+00:00
840698636975636481,164,2,9300888,146892,2017-03-11 22:59:09+00:00
840696689258311684,11496,891,9300888,146892,2017-03-11 22:51:24+00:00
840632337062862849,8438,1622,9300888,146892,2017-03-11 18:35:42+00:00
840370681858686976,15342,4185,9300888,146892,2017-03-11 01:15:58+00:00
840268004936019968,17920,5218,9300888,146892,2017-03-10 18:27:58+00:00
839990271299457024,12532,2069,9301304,146892,2017-03-10 00:04:21+00:00
839549326359670784,25598,7082,9300888,146892,2017-03-08 18:52:12+00:00
839290600511926273,0,132,9300889,146892,2017-03-08 01:44:07+00:00
839239871831150596,25251,5944,9300889,146892,2017-03-07 22:22:32+00:00
838952994649550848,18384,3664,9300889,146892,2017-03-07 03:22:35+00:00
838921590096166913,10426,1857,9300889,146892,2017-03-07 01:17:48+00:00
838916489579200512,0,31,9300889,146892,2017-03-07 00:57:32+00:00
838831947270979586,0,10036,9300889,146892,2017-03-06 19:21:35+00:00
838561493054533637,10257,1233,9300888,146892,2017-03-06 01:26:54+00:00
838476387338051585,20994,4348,9300888,146892,2017-03-05 19:48:43+00:00
838201503651401729,0,9201,9300888,146892,2017-03-05 01:36:26+00:00
838150277551247360,1570,304,9300888,146892,2017-03-04 22:12:52+00:00
838085839343206401,133,1,9300888,146892,2017-03-04 17:56:49+00:00
838083903487373313,16474,2846,9300888,146892,2017-03-04 17:49:08+00:00
837820167694528512,31862,7161,9300888,146892,2017-03-04 00:21:08+00:00
837482249356513284,3614,407,9300888,146892,2017-03-03 01:58:22+00:00
837471256429613056,12003,2065,9300888,146892,2017-03-03 01:14:41+00:00
837110210464448512,15074,2181,9300888,146892,2017-03-02 01:20:01+00:00
836989968035819520,11962,2117,9300888,146892,2017-03-01 17:22:13+00:00
836753516572119041,18149,4270,9300888,146892,2017-03-01 01:42:39+00:00
836677758902222849,11862,2025,9300888,146892,2017-02-28 20:41:37+00:00
836648853927522308,0,508,9300888,146892,2017-02-28 18:46:45+00:00
836397794269200385,0,25110,9300888,146892,2017-02-28 02:09:08+00:00
836380477523124226,13918,2746,9301304,146892,2017-02-28 01:00:19+00:00
836260088725786625,19965,3983,9300888,146892,2017-02-27 17:01:56+00:00
836001077879255040,17909,3896,9300888,146892,2017-02-26 23:52:43+00:00
835685285446955009,0,7425,9300888,146892,2017-02-26 02:57:52+00:00
835574547218894849,16670,3303,9300888,146892,2017-02-25 19:37:50+00:00
835536468978302976,0,1544,9300888,146892,2017-02-25 17:06:32+00:00
835309094223372289,0,19185,9300888,146892,2017-02-25 02:03:02+00:00
835297930240217089,15450,2742,9300888,146892,2017-02-25 01:18:40+00:00
835264098648616962,7245,1544,9300888,146892,2017-02-24 23:04:14+00:00
835246439529840640,1991,63,9300889,146892,2017-02-24 21:54:03+00:00
835172783151792128,24591,5298,9300889,146892,2017-02-24 17:01:22+00:00
835152434251116546,20974,2764,9300889,146892,2017-02-24 15:40:31+00:00
834931633769889797,10116,1492,9300889,146892,2017-02-24 01:03:08+00:00
834786237630337024,20240,5109,9300889,146892,2017-02-23 15:25:23+00:00
834574053763584002,12819,2315,9300890,146892,2017-02-23 01:22:14+00:00
834477809192075265,0,9775,9300890,146892,2017-02-22 18:59:48+00:00
834458053273591808,9040,1549,9300890,146892,2017-02-22 17:41:18+00:00
834209720923721728,19267,4331,9300890,146892,2017-02-22 01:14:30+00:00
834167344700198914,14852,3364,9300890,146892,2017-02-21 22:26:07+00:00
834089966724603904,9458,1964,9300890,146892,2017-02-21 17:18:39+00:00
834086379323871233,12253,2040,9300890,146892,2017-02-21 17:04:24+00:00
833863086058651648,12635,2214,9300890,146892,2017-02-21 02:17:06+00:00
833826103416520705,17090,3490,9300890,146892,2017-02-20 23:50:09+00:00
833732339549220864,0,205,9300890,146892,2017-02-20 17:37:34+00:00
833722901757046785,19706,2999,9300890,146892,2017-02-20 17:00:04+00:00
833479644947025920,14018,1894,9300890,146892,2017-02-20 00:53:27+00:00
833124694597443584,19002,4447,9300890,146892,2017-02-19 01:23:00+00:00
832998151111966721,12446,2021,9300890,146892,2017-02-18 17:00:10+00:00
832769181346996225,0,38,9300890,146892,2017-02-18 01:50:19+00:00
832757312314028032,15856,3321,9300890,146892,2017-02-18 01:03:09+00:00
832682457690300417,11153,2669,9300890,146892,2017-02-17 20:05:43+00:00
832645525019123713,2741,485,9300890,146892,2017-02-17 17:38:57+00:00
832636094638288896,14905,2561,9300890,146892,2017-02-17 17:01:29+00:00
832397543355072512,11252,2037,9300890,146892,2017-02-17 01:13:34+00:00
832369877331693569,16094,2923,9300890,146892,2017-02-16 23:23:38+00:00
832273440279240704,10663,2147,9300892,146892,2017-02-16 17:00:25+00:00
832215909146226688,0,5728,9300892,146892,2017-02-16 13:11:49+00:00
832215726631055365,0,8592,9300892,146892,2017-02-16 13:11:05+00:00
832088576586297345,59,2,9300892,146892,2017-02-16 04:45:50+00:00
832040443403784192,0,8826,9300892,146892,2017-02-16 01:34:34+00:00
832032802820481025,16789,4304,9300893,146892,2017-02-16 01:04:13+00:00
831939777352105988,22491,5660,9300893,146892,2017-02-15 18:54:34+00:00
831926988323639298,319,34,9300893,146892,2017-02-15 18:03:45+00:00
831911600680497154,25872,5980,9300893,146892,2017-02-15 17:02:36+00:00
831670449226514432,9790,1689,9300893,146892,2017-02-15 01:04:21+00:00
831650051525054464,6683,1789,9300893,146892,2017-02-14 23:43:18+00:00
831552930092285952,8460,2162,9300893,146892,2017-02-14 17:17:22+00:00
831322785565769729,8756,1447,9300893,146892,2017-02-14 02:02:51+00:00
831315979191906304,6177,1038,9300893,146892,2017-02-14 01:35:49+00:00
831309418084069378,11106,2270,9300893,146892,2017-02-14 01:09:44+00:00
831262627380748289,11171,1890,9300893,146892,2017-02-13 22:03:49+00:00
830956169170665475,7517,1375,9300893,146892,2017-02-13 01:46:03+00:00
830583320585068544,62461,15418,9300893,146892,2017-02-12 01:04:29+00:00
830173239259324417,0,5244,9300893,146892,2017-02-10 21:54:58+00:00
830097400375152640,9169,2698,9300893,146892,2017-02-10 16:53:37+00:00
829878982036299777,0,4610,9301309,146892,2017-02-10 02:25:42+00:00
829861396166877184,11529,1793,9300893,146892,2017-02-10 01:15:49+00:00
829501995190984704,29900,9775,9300893,146892,2017-02-09 01:27:41+00:00
829449946868879360,9885,1862,9300893,146892,2017-02-08 22:00:52+00:00
829141528400556032,22919,6772,9300894,146892,2017-02-08 01:35:19+00:00
829011960981237760,50298,15110,9300894,146892,2017-02-07 17:00:28+00:00
828801551087042563,0,3161,9300894,146892,2017-02-07 03:04:22+00:00
828770345708580865,24097,5397,9300894,146892,2017-02-07 01:00:22+00:00
828708714936930305,34283,10331,9300894,146892,2017-02-06 20:55:28+00:00
828650029636317184,8949,1238,9301310,146892,2017-02-06 17:02:17+00:00
828409743546925057,6041,1079,9300894,146892,2017-02-06 01:07:28+00:00
828408677031882754,7258,1186,9300894,146892,2017-02-06 01:03:14+00:00
828381636999917570,11877,2058,9300894,146892,2017-02-05 23:15:47+00:00
828376505180889089,6989,994,9300894,146892,2017-02-05 22:55:23+00:00
828372645993398273,11873,2724,9300894,146892,2017-02-05 22:40:03+00:00
828361771580813312,2072,165,9300894,146892,2017-02-05 21:56:51+00:00
828046555563323392,11059,2656,9300894,146892,2017-02-05 01:04:17+00:00
828011680017821696,9774,1992,9300894,146892,2017-02-04 22:45:42+00:00
827933404142436356,18856,4835,9300894,146892,2017-02-04 17:34:40+00:00
827653905312006145,14594,2793,9300894,146892,2017-02-03 23:04:02+00:00
827600520311402496,7062,864,9300894,146892,2017-02-03 19:31:54+00:00
827324948884643840,14946,2809,9300894,146892,2017-02-03 01:16:53+00:00
827199976799354881,10003,2060,9300894,146892,2017-02-02 17:00:17+00:00
826958653328592898,20319,4610,9300894,146892,2017-02-02 01:01:21+00:00
826848821049180160,34046,9338,9300894,146892,2017-02-01 17:44:55+00:00
826615380357632002,0,3682,9300895,146892,2017-02-01 02:17:19+00:00
826598799820865537,4860,230,9300895,146892,2017-02-01 01:11:25+00:00
826598365270007810,9449,2180,9300895,146892,2017-02-01 01:09:42+00:00
826476773533745153,17369,3892,9300895,146892,2017-01-31 17:06:32+00:00
826240494070030336,12527,2418,9300895,146892,2017-01-31 01:27:39+00:00
826204788643753985,4597,855,9300895,146892,2017-01-30 23:05:46+00:00
826115272272650244,14740,2872,9300895,146892,2017-01-30 17:10:04+00:00
825876512159186944,9921,1736,9300894,146892,2017-01-30 01:21:19+00:00
825829644528148480,12019,2333,9300894,146892,2017-01-29 22:15:05+00:00
825535076884762624,53955,16347,9300894,146892,2017-01-29 02:44:34+00:00
825147591692263424,17263,4182,9300894,146892,2017-01-28 01:04:51+00:00
825120256414846976,0,1166,9300894,146892,2017-01-27 23:16:13+00:00
825026590719483904,5909,1166,9300894,146892,2017-01-27 17:04:02+00:00
824796380199809024,0,5099,9300894,146892,2017-01-27 01:49:15+00:00
824775126675836928,14062,3272,9300894,146892,2017-01-27 00:24:48+00:00
824663926340194305,9934,1642,9300894,146892,2017-01-26 17:02:56+00:00
824325613288833024,11172,9879,9300894,146892,2017-01-25 18:38:36+00:00
824297048279236611,14226,3565,9300894,146892,2017-01-25 16:45:05+00:00
824025158776213504,4574,558,9300894,146892,2017-01-24 22:44:42+00:00
823939628516474880,10056,2534,9300894,146892,2017-01-24 17:04:50+00:00
823719002937630720,0,10354,9300894,146892,2017-01-24 02:28:08+00:00
823699002998870016,13210,2332,9300894,146892,2017-01-24 01:08:40+00:00
823581115634085888,12263,2443,9300894,146892,2017-01-23 17:20:14+00:00
823333489516937216,662,22,9300894,146892,2017-01-23 00:56:15+00:00
823322678127919110,14829,3716,9300894,146892,2017-01-23 00:13:17+00:00
823269594223824897,0,9219,9300894,146892,2017-01-22 20:42:21+00:00
822975315408461824,16361,3199,9300894,146892,2017-01-22 01:12:59+00:00
822872901745569793,124030,39892,9300894,146892,2017-01-21 18:26:02+00:00
822859134160621569,12451,2109,9300894,146892,2017-01-21 17:31:20+00:00
822647212903690241,0,5953,9300894,146892,2017-01-21 03:29:14+00:00
822610361945911296,13966,2733,9300894,146892,2017-01-21 01:02:48+00:00
822489057087389700,17111,5953,9300894,146892,2017-01-20 17:00:46+00:00
822462944365645825,26300,13140,9300894,146892,2017-01-20 15:17:01+00:00
822244816520155136,33110,9219,9300894,146892,2017-01-20 00:50:15+00:00
822163064745328640,0,4372,9300894,146892,2017-01-19 19:25:24+00:00
821886076407029760,10678,2139,9300894,146892,2017-01-19 01:04:45+00:00
821813639212650496,0,3126,9301344,146896,2017-01-18 20:16:54+00:00
821765923262631936,7901,1556,9300894,146892,2017-01-18 17:07:18+00:00
821522889702862852,7566,1631,9300894,146892,2017-01-18 01:01:34+00:00
821421320206483457,0,5126,9300894,146892,2017-01-17 18:17:58+00:00
821407182352777218,11101,3992,9300894,146892,2017-01-17 17:21:47+00:00
821153421864615936,236,9,9300894,146892,2017-01-17 00:33:26+00:00
821149554670182400,8108,1825,9300894,146892,2017-01-17 00:18:04+00:00
821107785811234820,9060,1972,9300894,146892,2017-01-16 21:32:06+00:00
821044531881721856,11953,2124,9300894,146892,2017-01-16 17:20:45+00:00
820837357901512704,0,6238,9300895,146892,2017-01-16 03:37:31+00:00
820749716845686786,29811,9201,9301311,146892,2017-01-15 21:49:15+00:00
820690176645140481,11583,2999,9300895,146892,2017-01-15 17:52:40+00:00
820494788566847489,0,522,9300895,146892,2017-01-15 04:56:16+00:00
820446719150292993,0,2390,9300895,146892,2017-01-15 01:45:15+00:00
820314633777061888,3158,522,9300895,146892,2017-01-14 17:00:24+00:00
820078625395449857,18646,5789,9300895,146892,2017-01-14 01:22:35+00:00
820013781606658049,0,1082,9300895,146892,2017-01-13 21:04:55+00:00
819952236453363712,5017,1082,9300895,146892,2017-01-13 17:00:21+00:00
819924195358416896,12234,4540,9300895,146892,2017-01-13 15:08:56+00:00
819711362133872643,12613,2873,9300895,146892,2017-01-13 01:03:12+00:00
819588359383371776,9160,1867,9300895,146892,2017-01-12 16:54:26+00:00
819347104292290561,6835,1116,9300895,146892,2017-01-12 00:55:47+00:00
819238181065359361,2138,379,9300895,146892,2017-01-11 17:42:57+00:00
819227688460238848,21789,6238,9300895,146892,2017-01-11 17:01:16+00:00
819015337530290176,0,34526,9300896,146892,2017-01-11 02:57:27+00:00
819015331746349057,0,17788,9300896,146892,2017-01-11 02:57:26+00:00
819006400881917954,43014,17788,9300896,146892,2017-01-11 02:21:57+00:00
819004803107983360,82659,34526,9300896,146892,2017-01-11 02:15:36+00:00
818646164899774465,0,19441,9300896,146892,2017-01-10 02:30:30+00:00
818627210458333184,21214,7054,9300896,146892,2017-01-10 01:15:10+00:00
818614493328580609,9296,2352,9300896,146892,2017-01-10 00:24:38+00:00
818588835076603904,0,5692,9300896,146892,2017-01-09 22:42:41+00:00
818536468981415936,10274,2271,9300896,146892,2017-01-09 19:14:36+00:00
818307523543449600,0,7455,9300896,146892,2017-01-09 04:04:51+00:00
818259473185828864,10418,2086,9300896,146892,2017-01-09 00:53:55+00:00
818145370475810820,11609,2367,9300896,146892,2017-01-08 17:20:31+00:00
817908911860748288,4609,739,9300896,146892,2017-01-08 01:40:55+00:00
817827839487737858,48613,25110,9300896,146892,2017-01-07 20:18:46+00:00
817777686764523521,10220,2521,9300896,146892,2017-01-07 16:59:28+00:00
817536400337801217,11120,2728,9300896,146892,2017-01-07 01:00:41+00:00
817502432452313088,0,3142,9300896,146892,2017-01-06 22:45:43+00:00
817423860136083457,31843,13586,9300895,146892,2017-01-06 17:33:29+00:00
817415592588222464,5293,888,9300895,146892,2017-01-06 17:00:38+00:00
817181837579653120,0,7858,9300895,146892,2017-01-06 01:31:47+00:00
817171292965273600,8310,1866,9300895,146892,2017-01-06 00:49:53+00:00
817120970343411712,11542,2411,9300895,146892,2017-01-05 21:29:55+00:00
817056546584727552,8135,1515,9300895,146892,2017-01-05 17:13:55+00:00
816829038950027264,0,4386,9300895,146892,2017-01-05 02:09:53+00:00
816816676327063552,9468,1891,9300895,146892,2017-01-05 01:20:46+00:00
816697700272001025,9240,2055,9300895,146892,2017-01-04 17:27:59+00:00
816450570814898180,28687,7455,9300895,146892,2017-01-04 01:05:59+00:00
816336735214911488,8162,1802,9300895,146892,2017-01-03 17:33:39+00:00
816091915477250048,8477,1986,9300895,146892,2017-01-03 01:20:49+00:00
816062466425819140,0,944,9300896,146892,2017-01-02 23:23:48+00:00
816014286006976512,0,4877,9300896,146892,2017-01-02 20:12:21+00:00
815990720817401858,4687,944,9300896,146892,2017-01-02 18:38:42+00:00
815966073409433600,21125,7858,9300896,146892,2017-01-02 17:00:46+00:00
815745968457060357,0,3855,9300896,146892,2017-01-02 02:26:09+00:00
815736392542261248,9301,2119,9300896,146892,2017-01-02 01:48:06+00:00
815639385530101762,7822,1550,9300896,146892,2017-01-01 19:22:38+00:00
815390420867969024,9825,3570,9300896,146892,2017-01-01 02:53:20+00:00
814986499976527872,7256,1185,9300896,146892,2016-12-31 00:08:17+00:00
814638523311648768,10689,2522,9300896,146892,2016-12-30 01:05:33+00:00
814578408554463233,0,5456,9300896,146892,2016-12-29 21:06:41+00:00
814530161257443328,8214,1739,9300896,146892,2016-12-29 17:54:58+00:00
814153002265309185,27236,8109,9300896,146892,2016-12-28 16:56:16+00:00
813944609378369540,0,2955,9300896,146892,2016-12-28 03:08:11+00:00
813910438903693312,8851,1729,9300896,146892,2016-12-28 00:52:25+00:00
813812741911748608,34622,13027,9300896,146892,2016-12-27 18:24:12+00:00
813800681631023104,7880,1649,9300896,146892,2016-12-27 17:36:16+00:00
813217897535406080,17680,6846,9300896,146892,2016-12-26 03:00:30+00:00
813202720496779264,8765,1704,9300896,146892,2016-12-26 02:00:11+00:00
813187593374461952,18823,4046,9300896,146892,2016-12-26 01:00:05+00:00
813172488309972993,8807,1807,9300896,146892,2016-12-26 00:00:03+00:00
813157409116065792,7377,2065,9300896,146892,2016-12-25 23:00:08+00:00
813142292504645637,8080,2242,9300896,146892,2016-12-25 22:00:04+00:00
813130366689148928,4258,418,9300896,146892,2016-12-25 21:12:41+00:00
813127251579564032,11203,2918,9300896,146892,2016-12-25 21:00:18+00:00
813112105746448384,9789,2566,9300896,146892,2016-12-25 20:00:07+00:00
813096984823349248,10025,3385,9300896,146892,2016-12-25 19:00:02+00:00
813081950185472002,9427,2593,9300896,146892,2016-12-25 18:00:17+00:00
813066809284972545,7540,1825,9300896,146892,2016-12-25 17:00:08+00:00
813051746834595840,19916,6852,9300896,146892,2016-12-25 16:00:16+00:00
812781120811126785,7148,1787,9300895,146892,2016-12-24 22:04:54+00:00
812709060537683968,6293,1352,9300895,146892,2016-12-24 17:18:34+00:00
812503143955202048,5742,1148,9300895,146892,2016-12-24 03:40:19+00:00
812466873996607488,7567,1800,9300895,146892,2016-12-24 01:16:12+00:00
812372279581671427,12934,3422,9300895,146892,2016-12-23 19:00:19+00:00
811985624773361665,6910,1311,9300895,146892,2016-12-22 17:23:53+00:00
811744202451197953,7159,1475,9300895,146892,2016-12-22 01:24:33+00:00
811647686436880384,5315,682,9300895,146892,2016-12-21 19:01:02+00:00
811627233043480576,12073,2849,9300895,146892,2016-12-21 17:39:46+00:00
811386762094317568,19861,5977,9300897,146892,2016-12-21 01:44:13+00:00
810984652412424192,5056,1330,9300897,146892,2016-12-19 23:06:23+00:00
810896069567610880,8538,1643,9300897,146892,2016-12-19 17:14:23+00:00
810657578271330305,10430,2468,9300897,146892,2016-12-19 01:26:42+00:00
810284430598270976,33316,10489,9300897,146892,2016-12-18 00:43:57+00:00
810254108431155201,13969,3161,9300897,146892,2016-12-17 22:43:27+00:00
809920764300447744,14780,3682,9300897,146892,2016-12-17 00:38:52+00:00
809808892968534016,0,4576,9300897,146892,2016-12-16 17:14:20+00:00
809448704142938112,6605,1370,9300897,146892,2016-12-15 17:23:04+00:00
809220051211603969,18871,5244,9300897,146892,2016-12-15 02:14:29+00:00
809084759137812480,12566,3303,9300897,146892,2016-12-14 17:16:53+00:00
808838249661788160,9641,2864,9300897,146892,2016-12-14 00:57:20+00:00
808733504066486276,7499,2033,9300897,146892,2016-12-13 18:01:07+00:00
808501579447930884,10759,2454,9300897,146892,2016-12-13 02:39:32+00:00
808344865868283904,40187,19441,9300897,146892,2016-12-12 16:16:49+00:00
808134635716833280,0,5512,9300897,146892,2016-12-12 02:21:26+00:00
808106460588765185,8385,2065,9300897,146892,2016-12-12 00:29:28+00:00
808001312164028416,11852,3305,9300897,146892,2016-12-11 17:31:39+00:00
807621403335917568,13852,3385,9300897,146892,2016-12-10 16:22:02+00:00
807106840509214720,111597,51621,9300897,146892,2016-12-09 06:17:20+00:00
807059379405148160,0,6885,9300897,146892,2016-12-09 03:08:45+00:00
807010152071229440,12471,3628,9300898,146892,2016-12-08 23:53:08+00:00
806629075125202948,70580,32365,9300898,146892,2016-12-07 22:38:52+00:00
806620845233815552,0,5141,9300898,146892,2016-12-07 22:06:10+00:00
806576416489959424,4661,1823,9300898,146892,2016-12-07 19:09:37+00:00
806542213899489280,9734,2218,9300898,146892,2016-12-07 16:53:43+00:00
806242860592926720,0,10877,9300898,146892,2016-12-06 21:04:11+00:00
806219024703037440,6133,1134,9300898,146892,2016-12-06 19:29:28+00:00
805958939288408065,0,5010,9300898,146892,2016-12-06 02:15:59+00:00
805932879469572096,7883,1801,9300898,146892,2016-12-06 00:32:26+00:00
805826884734976000,6241,1715,9300898,146892,2016-12-05 17:31:15+00:00
805823200554876929,0,7468,9300899,146892,2016-12-05 17:16:37+00:00
805520635690676224,5488,1550,9300899,146892,2016-12-04 21:14:20+00:00
805487436403003392,8350,2378,9300899,146892,2016-12-04 19:02:24+00:00
805207613751304193,7483,1628,9300899,146892,2016-12-04 00:30:29+00:00
804738756058218496,12983,3599,9300899,146892,2016-12-02 17:27:25+00:00
804475857670639616,5842,1891,9300901,146892,2016-12-02 00:02:45+00:00
804413760345620481,0,3007,9300901,146892,2016-12-01 19:56:00+00:00
804026241225523202,42054,15035,9300901,146892,2016-11-30 18:16:08+00:00
803773340896923648,9557,2586,9300901,146892,2016-11-30 01:31:12+00:00
803692223237865472,0,6926,9300901,146892,2016-11-29 20:08:52+00:00
803638050916102144,10377,3885,9300901,146892,2016-11-29 16:33:36+00:00
803380650405482500,7396,1767,9300901,146892,2016-11-28 23:30:47+00:00
803321560782307329,0,4955,9300901,146892,2016-11-28 19:35:59+00:00
803276597545603072,9550,2296,9300901,146892,2016-11-28 16:37:19+00:00
802952499103731712,8574,1873,9300901,146892,2016-11-27 19:09:28+00:00
802624713319034886,0,2724,9300902,146892,2016-11-26 21:26:58+00:00
802600418706604034,6761,1381,9300902,146892,2016-11-26 19:50:26+00:00
802572683846291456,8509,2356,9300902,146892,2016-11-26 18:00:13+00:00
802323869084381190,15336,5476,9300902,146892,2016-11-26 01:31:31+00:00
802265048156610565,6621,1295,9300902,146892,2016-11-25 21:37:47+00:00
802239329049477120,8642,2459,9300902,146892,2016-11-25 19:55:35+00:00
802185808107208704,0,251,9300902,146892,2016-11-25 16:22:55+00:00
801958328846974976,7363,1596,9300902,146892,2016-11-25 01:18:59+00:00
801854953262350336,1725,219,9300902,146892,2016-11-24 18:28:13+00:00
801538201127157760,7809,1951,9301352,146896,2016-11-23 21:29:33+00:00
801285448605831168,5742,771,9300902,146892,2016-11-23 04:45:12+00:00
801167903437357056,23171,5512,9300902,146892,2016-11-22 20:58:07+00:00
801127390143516673,0,3696,9300902,146892,2016-11-22 18:17:08+00:00
801115127852503040,7672,1984,9300902,146892,2016-11-22 17:28:25+00:00
800859414831898624,647,91,9300902,146892,2016-11-22 00:32:18+00:00
800855607700029440,0,1516,9300902,146892,2016-11-22 00:17:10+00:00
800751577355128832,10084,2633,9300902,146892,2016-11-21 17:23:47+00:00
800513324630806528,12490,2829,9300902,146892,2016-11-21 01:37:04+00:00
800459316964663297,9043,2059,9300902,146892,2016-11-20 22:02:27+00:00
800443802682937345,0,4021,9300902,146892,2016-11-20 21:00:48+00:00
800388270626521089,10617,2635,9300903,146892,2016-11-20 17:20:08+00:00
800188575492947969,0,3692,9300903,146892,2016-11-20 04:06:37+00:00
800141422401830912,14511,2390,9300903,146892,2016-11-20 00:59:15+00:00
800018252395122689,26883,12307,9300903,146892,2016-11-19 16:49:49+00:00
799774291445383169,0,4369,9300903,146892,2016-11-19 00:40:24+00:00
799757965289017345,7976,2002,9300903,146892,2016-11-18 23:35:32+00:00
799422933579902976,7688,1800,9300903,146892,2016-11-18 01:24:14+00:00
799308762079035393,0,5084,9300903,146892,2016-11-17 17:50:33+00:00
799297110730567681,9385,2562,9300903,146892,2016-11-17 17:04:16+00:00
799063482566066176,7691,2341,9300903,146892,2016-11-17 01:35:54+00:00
798933969379225600,12425,4157,9300903,146892,2016-11-16 17:01:16+00:00
798925684722855936,7152,1361,9301353,146896,2016-11-16 16:28:21+00:00
798705661114773508,0,6215,9300903,146892,2016-11-16 01:54:03+00:00
798701998996647937,0,7242,9300903,146892,2016-11-16 01:39:30+00:00
798697898615730177,0,6098,9300903,146892,2016-11-16 01:23:12+00:00
798694562394996736,0,4640,9300903,146892,2016-11-16 01:09:57+00:00
798686750113755136,0,2180,9300903,146892,2016-11-16 00:38:54+00:00
798682547630837760,0,4432,9300904,146892,2016-11-16 00:22:12+00:00
798673117451325440,0,5222,9300904,146892,2016-11-15 23:44:44+00:00
798665375516884993,0,3677,9300904,146892,2016-11-15 23:13:58+00:00
798644042770751489,0,1745,9300904,146892,2016-11-15 21:49:12+00:00
798628517273620480,0,1865,9300904,146892,2016-11-15 20:47:30+00:00
798585098161549313,0,5272,9300904,146892,2016-11-15 17:54:59+00:00
798576900688019456,0,5482,9300904,146892,2016-11-15 17:22:24+00:00
798340744599797760,0,3137,9300903,146892,2016-11-15 01:44:00+00:00
798209839306514432,9929,2421,9300903,146892,2016-11-14 17:03:50+00:00
797971864723324932,10959,2887,9300903,146892,2016-11-14 01:18:12+00:00
797545162159308800,13881,4615,9300903,146892,2016-11-12 21:02:38+00:00
797236660651966464,18928,6162,9300903,146892,2016-11-12 00:36:46+00:00
797165961484890113,213,24,9300903,146892,2016-11-11 19:55:50+00:00
796904159865868288,0,8353,9300903,146892,2016-11-11 02:35:32+00:00
796865951799083009,7310,1828,9300903,146892,2016-11-11 00:03:42+00:00
796759840936919040,11207,2832,9300903,146892,2016-11-10 17:02:03+00:00
796563435802726400,0,6734,9300903,146892,2016-11-10 04:01:37+00:00
796484825502875648,7187,1651,9300903,146892,2016-11-09 22:49:15+00:00
796387464403357696,10468,3889,9300903,146892,2016-11-09 16:22:22+00:00
796177847564038144,0,13366,9300903,146892,2016-11-09 02:29:25+00:00
796149749086875649,30515,13366,9300903,146892,2016-11-09 00:37:46+00:00
796125600683540480,4737,1683,9300903,146892,2016-11-08 23:01:49+00:00
796116448414461957,8636,2251,9300904,146892,2016-11-08 22:25:27+00:00
796080075804475393,8025,2165,9300904,146892,2016-11-08 20:00:55+00:00
796031486298386433,10268,3499,9300904,146892,2016-11-08 16:47:50+00:00
795464331001561088,46785,21961,9300904,146892,2016-11-07 03:14:10+00:00
795400264262053889,9514,2684,9300904,146892,2016-11-06 22:59:35+00:00
795076730285391872,15343,5099,9300904,146892,2016-11-06 01:33:58+00:00
794983741416415232,0,3153,9300904,146892,2016-11-05 19:24:28+00:00
794926597468000259,9678,2159,9300904,146892,2016-11-05 15:37:24+00:00
794355576146903043,0,9659,9300904,146892,2016-11-04 01:48:22+00:00
794332329137291264,9128,2537,9300904,146892,2016-11-04 00:15:59+00:00
794205286408003585,8774,3111,9300904,146892,2016-11-03 15:51:10+00:00
793962221541933056,15913,4576,9300904,146892,2016-11-02 23:45:19+00:00
793845145112371200,8768,1746,9300904,146892,2016-11-02 16:00:06+00:00
793614319594401792,0,2926,9300904,146892,2016-11-02 00:42:53+00:00
793601777308463104,7580,1518,9300904,146892,2016-11-01 23:53:02+00:00
793500921481273345,10119,2234,9300904,146892,2016-11-01 17:12:16+00:00
793286476301799424,23354,8592,9300904,146892,2016-11-01 03:00:09+00:00
793271401113350145,8255,2246,9300904,146892,2016-11-01 02:00:14+00:00
793256262322548741,18931,7803,9300904,146892,2016-11-01 01:00:05+00:00
793241302385262592,9992,3076,9300904,146892,2016-11-01 00:00:38+00:00
793226087023144960,9286,2715,9300904,146892,2016-10-31 23:00:11+00:00
793210959003287553,8477,2608,9300904,146892,2016-10-31 22:00:04+00:00
793195938047070209,14452,5272,9300904,146892,2016-10-31 21:00:23+00:00
793180763617361921,6564,1864,9300904,146892,2016-10-31 20:00:05+00:00
793165685325201412,8901,2626,9300904,146892,2016-10-31 19:00:10+00:00
793150605191548928,5858,1595,9300904,146892,2016-10-31 18:00:14+00:00
793135492858580992,6085,2360,9300904,146892,2016-10-31 17:00:11+00:00
793120401413079041,12026,3688,9300904,146892,2016-10-31 16:00:13+00:00
792913359805018113,13591,3715,9300904,146892,2016-10-31 02:17:31+00:00
792883833364439040,10710,4002,9300904,146892,2016-10-31 00:20:11+00:00
792773781206999040,6998,1570,9300904,146892,2016-10-30 17:02:53+00:00
792394556390137856,12720,4015,9300904,146892,2016-10-29 15:55:58+00:00
792050063153438720,6777,1670,9300905,146892,2016-10-28 17:07:05+00:00
791821351946420224,0,19699,9300905,146892,2016-10-28 01:58:16+00:00
791784077045166082,0,8901,9300905,146892,2016-10-27 23:30:09+00:00
791780927877898241,0,3555,9300905,146892,2016-10-27 23:17:38+00:00
791774931465953280,42752,20758,9300905,146892,2016-10-27 22:53:48+00:00
791672322847637504,11147,2926,9300905,146892,2016-10-27 16:06:04+00:00
791406955684368384,12487,3855,9300905,146892,2016-10-26 22:31:36+00:00
791312159183634433,8318,2364,9300905,146892,2016-10-26 16:14:55+00:00
791026214425268224,0,3814,9300905,146892,2016-10-25 21:18:40+00:00
790987426131050500,9306,1988,9300905,146892,2016-10-25 18:44:32+00:00
790946055508652032,15857,4386,9300905,146892,2016-10-25 16:00:09+00:00
790723298204217344,0,2144,9300905,146892,2016-10-25 01:14:59+00:00
790698755171364864,7799,1804,9300906,146892,2016-10-24 23:37:28+00:00
790581949425475584,19562,6645,9300906,146892,2016-10-24 15:53:19+00:00
790337589677002753,7422,1768,9300906,146892,2016-10-23 23:42:19+00:00
790277117346975746,11902,2955,9300906,146892,2016-10-23 19:42:02+00:00
790227638568808452,0,3308,9300906,146892,2016-10-23 16:25:25+00:00
789986466051088384,8807,2144,9300906,146892,2016-10-23 00:27:05+00:00
789960241177853952,0,3831,9300906,146892,2016-10-22 22:42:52+00:00
789903600034189313,9780,3884,9300906,146892,2016-10-22 18:57:48+00:00
789628658055020548,7081,1646,9300906,146892,2016-10-22 00:45:17+00:00
789599242079838210,6379,1793,9300906,146892,2016-10-21 22:48:24+00:00
789530877013393408,11091,3153,9300906,146892,2016-10-21 18:16:44+00:00
789314372632018944,8196,2137,9300906,146892,2016-10-21 03:56:25+00:00
789280767834746880,0,4592,9300906,146892,2016-10-21 01:42:53+00:00
789268448748703744,8656,2446,9300906,146892,2016-10-21 00:53:56+00:00
789137962068021249,9225,2607,9300906,146892,2016-10-20 16:15:26+00:00
788908386943430656,26068,11710,9300906,146892,2016-10-20 01:03:11+00:00
788765914992902144,25900,9659,9300906,146892,2016-10-19 15:37:03+00:00
788552643979468800,0,6662,9300906,146892,2016-10-19 01:29:35+00:00
788412144018661376,14716,4923,9300906,146892,2016-10-18 16:11:17+00:00
788178268662984705,6894,1978,9300906,146892,2016-10-18 00:41:57+00:00
788150585577050112,5800,1198,9300906,146892,2016-10-17 22:51:57+00:00
788070120937619456,0,3213,9300906,146892,2016-10-17 17:32:13+00:00
788039637453406209,5797,1227,9300906,146892,2016-10-17 15:31:05+00:00
787810552592695296,8151,2840,9300906,146892,2016-10-17 00:20:47+00:00
787717603741622272,9707,2586,9300906,146892,2016-10-16 18:11:26+00:00
787397959788929025,10331,2668,9300906,146892,2016-10-15 21:01:17+00:00
787322443945877504,7393,1626,9300906,146892,2016-10-15 16:01:13+00:00
